329412
195133
771
38257
3325
101
81203
102306
112
26638
82886
45955
273123
75441
7384
174775
159
61949
17207
94032
40
192171
27
244346
7639
325549
8833
103
5962
249
250
4444
325573
164
699571
250952
62
23809
242431
25654
3842
810
227302
115
12423
45017
13306
28560
68591
151
35438
7152
7863
48
2820
3366
50
69100
15375
163938
94688
143
148
135
145946
66409
224416
262
268
267
28535
197
92
45842
49702
88747
48454
7446
42558
81
108
122
139
130
130
129
129
126
114
88
130
36
813
196305
40
46058
47406
45180
132
76984
25985
144
31431
103
93727
87
48816
130
164028
96
639302
47233
30
158204
539801
