1128641377 0
1128970789 0
1129165922 0
1129166693 0
1129204950 0
1129208275 0
1129208376 0
1129289579 0
1129391885 0
1129391997 0
1129418635 0
1129501521 0
1129547476 1
1129820600 0
1129896041 0
1129903425 0
1130078200 1
1130078360 0
1130140309 1
1130157517 0
1130251549 0
1130251589 0
1130443760 0
1130443787 0
1130688133 0
1130695772 1
1131021322 0
1131030155 0
1131030258 1
1131036221 0
1131036470 0
1131036720 0
1131041164 0
1131366737 0
1131366901 0
1132066472 1
1132317425 0
1132317487 0
1132341296 0
1132583727 0
1132609381 0
1132613223 0
1132614033 0
1132841335 0
1132841450 0
1132853873 0
1132898890 0
1132912196 0
1132940756 1
1133009348 0
1133009499 0
1133044937 0
1133052089 0
1133059952 0
1133060000 0
1133062820 1
1133066187 0
1133066237 0
1133135337 0
1133150712 0
1133314650 0
1133409338 0
1133409481 0
1133409629 0
1133409764 0
1133555710 0
1133622119 0
1133846535 29
1133846826 28
1133847122 28
1133847417 29
1133875981 28
1133876206 25
1133876323 27
1133922192 0
1133971894 0
1134060641 0
1134109095 0
1134116541 0
1134159099 0
1134159180 1
1134159289 0
1134159411 1
1134159551 0
1134159681 0
1134159811 0
1134159940 0
1134160069 0
1134160195 1
1134160310 0
1134160398 0
1134160528 1
1134160565 0
1134161378 0
1134357683 0
1134357723 0
1134403781 0
1134451187 0
1134496367 0
1134496499 0
1134573483 0
1134599468 0
1134599612 0
1134631043 0
1134631146 0
1134724873 0
1134724960 0
1134773776 0
1134773906 0
1134937934 0
1134938030 0
1135577332 0
1135624565 0
1135624595 0
1135782799 0
1136322600 0
