329415
195137
769
38264
3358
58
81239
2398
99899
88
109557
42
45877
202932
70200
75436
7380
19060
56892
70
70
505
78577
71
19544
149
79191
93892
104
192311
43
244202
7701
325537
8848
67
15145
245
3181
392
7503
3967
87037
345
609
252
217833
129
40315
482
64
70
1724
66311
3950
3799
11
2569
16
5170
322
350
1058
186184
1096
17
386039
168041
2367
80590
64
3530
20255
242761
16281
9023
3931
49
710
80801
17943
120
4931
2757
178210
57
13295
28566
28747
39917
70
190588
77
709
100
86478
92
34
271
16927
9799
48693
46072
98
158
155
90
84477
22792
38559
94691
226709
49466
45318
50901
3409
54722
13
12633
15659
7323
42355
34
21
14
14
183
56
63
21
198324
147
46123
47307
45216
70
76972
26007
156
31435
109
93816
49018
163954
245091
9701
427155
10379
327132
365253
