19914
301649
27632
195029
647
38169
3144
81140
284
1987
99786
24162
2389
82785
45021
788
95244
2949
104635
70134
75314
7268
16838
2109
320
428
2677
53297
505
78577
19534
61894
17073
93835
192162
126823
41123
171
73839
7518
325478
8661
5121
768
195
188
2881
1478
4156
245
3181
392
6949
406
3966
17256
50729
19048
345
609
253
217818
40226
482
302
1394
16762
49545
3950
11569
294
350
1058
186184
338609
2451
133
45870
18763
762
444
14401
9779
11516
47055
140
2072
533
9210
10052
41293
614
1237
2153
13107
20168
240
130
46528
3395
20170
234471
7905
159
595
11272
4100
187
4034
4719
3773
451
176
3832
65897
175
5276
5503
10273
2333
5334
119
3834
1096
2757
490
1401
67520
1548
8002
41781
12338
44827
13131
28382
28623
39914
35308
6937
7635
2686
3197
68925
15271
49236
849
3138
83287
272
12359
4515
9707
44211
4325
34024
12014
42796
4836
314
606
3970
31828
22684
21365
202
16765
18548
41009
6731
3394
19708
245
4771
65588
9012
857
360
347
344
90646
17250
8355
33572
45104
4269
2955
42250
50799
3409
34467
20181
12632
15551
7195
34096
8125
109
440
319
34632
161151
46003
47149
45040
76814
25826
31298
93658
48050
682
66770
54912
892
34760
6531
68581
1751
93702
6878
31354
37465
973
245
237
209
342
560
2541
6345
3354
65267
19750
784
1002
155372
22014
60365
33860
20064
6058
2264
23215
16946
4673
5588
19564
130240
2669
9025
47498
117975
175640
154446
30655
4368
