1128621350 17
1128641281 129
1128943059 4
1128970695 116
1129165840 115
1129166602 115
1129204886 128
1129208158 242
1129289540 120
1129289944 1
1129291932 59
1129391777 243
1129416182 29
1129418600 59
1129501444 118
1129546583 6
1129547377 124
1129642745 0
1129645694 0
1129750329 55
1129820518 116
1129895948 114
1129903330 116
1129920284 30
1129922423 83
1129922826 27
1129923281 21
1129925979 39
1129979315 140
1129979960 0
1130058537 71
1130078142 240
1130140276 56
1130157405 119
1130251359 233
1130443754 119
1130570696 165
1130611984 2029
1130614184 5
1130688028 117
1130695663 119
1131021260 122
1131030043 239
1131035403 14
1131036185 56
1131036436 57
1131036681 60
1131039622 28
1131041128 58
1131045342 0
1131045587 0
1131048768 0
1131049160 0
1131056109 148
1131056663 1
1131060630 0
1131077886 4
1131128619 0
1131147667 0
1131148012 0
1131148621 0
1131148874 0
1131366692 233
1131407151 0
1131407633 162
1131408097 0
1131409491 0
1131426253 4
1131475802 0
1131479752 1
1131491322 28
1131491644 0
1131491994 0
1131493052 0
1131679236 0
1132017845 46
1132020342 0
1132020475 0
1132066345 154
1132085262 3
1132086027 4
1132086475 4
1132100880 1
1132110660 1
1132122177 1
1132169233 0
1132169373 0
1132171445 1
1132171979 0
1132181189 0
1132191241 1
1132232535 9
1132233158 10
1132234405 215
1132236773 251
1132250131 62
1132270361 38
1132270639 67
1132270836 0
1132317364 139
1132320898 124
1132341192 117
1132575780 19
1132583704 27
1132583890 134
1132584619 27
1132595918 0
1132600018 67
1132600272 129
1132604435 21
1132609175 236
1132613184 101
1132613736 56
1132613968 96
1132617896 30
1132683823 1
1132683999 8
1132689283 7
1132694793 1
1132705067 1
1132707401 1
1132712736 1
1132712856 0
1132716690 1
1132717787 0
1132720544 1
1132721035 1
1132722437 1
1132789958 4
1132791510 1
1132799513 0
1132841294 177
1132853809 117
1132898753 172
1132912056 178
1132940616 179
1132969418 1
1133009333 242
1133044883 203
1133052023 190
1133059848 177
1133062711 178
1133066086 179
1133135190 174
1133150635 123
1133199994 78
1133200921 2
1133204061 53
1133287401 128
1133287801 1
1133300161 53
1133304729 32
1133314468 211
1133358890 1
1133363216 15
1133397255 1
1133409270 528
1133452594 1
1133457431 1
1133457746 13
1133458365 4
1133462339 51
1133494218 126
1133517028 95
1133538488 78
1133538768 22
1133555555 187
1133574290 40
1133615339 2
1133622072 77
1133625543 9
1133645260 21
1133645526 18
1133650315 21
1133715924 29
1133724965 45
1133725867 28
1133726255 58
1133726660 80
1133727084 69
1133817799 1
1133835050 25
1133843430 20
1133877022 15
1133922141 81
1133926491 1
1133929447 37
1133971734 176
1134022709 1
1134026119 3
1134060589 71
1134080841 14
1134093487 1
1134109039 188
1134116422 142
1134150660 40
1134158825 144
1134159078 1808
1134161326 73
1134161718 1
1134196351 46
1134357548 181
1134403732 215
1134451096 202
1134496338 190
1134573342 203
1134599371 293
1134630962 203
1134724823 176
1134773049 6
1134773737 240
1134840747 2
1134895661 5
1134896558 8
1134931326 2
1134937859 196
1135006636 25
1135008412 25
1135102139 2
1135109019 25
1135140398 1
1135177864 0
1135178837 0
1135179082 1
1135179320 1
1135179530 1
1135179873 1
1135180434 1
1135182976 1
1135189322 1
1135192677 1
1135257945 35
1135277730 1
1135278515 0
1135279517 1
1135434890 5
1135456909 9
1135517283 10
1135551153 3
1135571220 2
1135577280 93
1135579637 2
1135602854 4
1135619804 86
1135624563 47
1135630198 89
1135649851 18
1135780109 6
1135782784 30
1135791839 1
1135839338 2
1135957315 100
1136133055 4
1136287505 21
1136318181 17
1136322566 110
