1168458187 0
1168469212 0
1168480237 0
1168491262 0
1168502287 0
1168513311 1
1168524336 0
1168535361 0
1168546386 0
1168557411 0
1168568436 0
1168579461 0
1168590486 0
1168612536 0
1168623561 0
1168634585 0
1168656635 0
1170916741 0
1171321113 16103
1171337536 26402
1171365076 8514
1171374383 8821
1171384133 126
1171384570 8231
1171393958 8780
1171403701 8535
1171412862 2032
1171417328 2972
1171420612 1374
1171423115 7831
1171431954 9015
1171442011 9024
1171451986 8948
1171461999 3262
1171472631 4796
1171478338 6055
1171490036 1
1171501062 0
1174011576 840
1174037189 1
