595
3303
7675
190529
46171
234
98
187
140
136
71
110
94
681
179
1776
2181
4003
2660
1417
86449
88078
4787
257
5244
580
175880
298677
780
1531
8669
166
11395
5947
585
90
1785
15540
60327
6306
4843
70691
445
193
4407
1515
5991
96271
1047315
98611
19713
742456
90102
260669
1557
157005
184
140
201
179
378
301
297403
60987
2460
137766
14288
2281
9209
98239
319307
6663
72220
328
2149
21203
65104
7492
210855
108
138984
71711
84
9419
3591
174826
7217
211
78061
299586
34007
328909
202624
4204
81436
3951
86615
139609
13390
378
667
1644
1124
17586
209301
196571
2109
4385
2203
13812
875
