60
1
1319
6394
195
0
2262
908
1
11
0
1417
0
125
1121
1055
0
0
612
0
17
0
0
0
0
1505
0
0
0
0
0
0
0
0
1
0
1121
465
0
0
0
0
1
0
2584
0
0
0
0
0
28
0
0
0
0
1244
182
22
22
0
203
240
271
0
0
52
0
0
0
40
0
0
121
0
0
0
17
257
37
0
0
1
10
1
0
0
0
1
10
2703
0
0
17
0
0
0
0
29
734
0
95
95
0
1
398
118
93
0
0
0
94
0
23
0
0
10
2
0
112
0
62
0
0
0
0
60
0
125
0
0
0
0
10
0
111
95
0
0
0
0
0
0
0
285
284
283
634
0
17
17
92
0
0
35
134
235
142
0
0
70
0
18
531
0
0
914
13
0
108
0
0
60
0
0
17
195
17
0
0
0
0
0
0
0
0
0
0
0
0
0
1
0
0
0
61
0
60
0
0
0
59
0
61
0
60
1
0
61
61
0
233
939
412
0
419
0
0
0
0
0
0
0
0
0
0
835
1199
544
0
1
0
0
160
340
195
0
0
711
3
29
414
731
1
704
323
352
0
285
0
0
1
2
0
12
693
0
386
0
168
3
0
0
61
42825
8514
8821
8668
8780
8535
2032
4658
7831
9015
9024
8948
3262
4796
7539
1
160
0
0
60
0
0
0
60
0
0
27
0
0
1
15
0
0
1
0
1
189
0
2
23
466
20
2129
86
0
81
24
1
223
66
0
266
0
0
0
60
0
328
1
0
0
1
220
0
0
117
1
0
84
23
1
0
0
0
221
217
27
246
0
155
0
195
16
0
223
1
61
0
0
0
0
1
0
280
0
0
1
0
840
347
0
1
97
658
0
0
0
0
0
0
270
0
167
1
0
241
660
220
0
0
0
0
748
0
1
0
61
491
0
0
0
220
0
0
17
0
396
18
220
23
0
0
0
0
60
1
0
39
0
0
0
67
1
0
0
11
0
0
0
0
0
0
0
446
18
18
66
285
18
