1167657141 409
1167658201 0
1167658922 180
1167659488 104
1167660022 20
1167660537 0
1167661392 450
1167662427 275
1167663624 8
1167664887 60
1167665787 195
1167667202 505
1167668135 355
1167669940 14
1167953022 0
1167986666 0
1168204519 0
1168314769 0
1168468745 733
1168480143 0
1168491168 0
1168516571 0
1168516968 0
1168668862 0
1168670404 0
1170395671 938
1170405205 411
1170416788 418
1170425437 0
1170436205 0
1171153799 3
1171154478 0
1171158118 65
1171159500 442
1171161555 0
1171163381 0
1171173272 0
1171196492 68
1171204342 284
1171205146 0
1171205658 0
1171218063 11
1171221287 693
1171232259 167
1171321742 42196
1171365125 8465
1171374383 8821
1171384133 8668
1171393958 8780
1171403701 8535
1171412862 1990
1171417329 4657
1171423160 4356
1171427922 3024
1171431955 9014
1171442011 9024
1171452048 8886
1171462000 3261
1171472631 4796
1171478338 6055
1171490037 0
1173819351 0
1174023869 0
1174340225 0
1174496012 0
1174648808 0
1174669302 66
1174681643 1
