1167953021 1
1171092928 4
1171093080 8
1171094045 0
1171094332 53
1171094933 0
1171095127 1
1171150245 0
1171150346 0
1171150529 24
1171150643 32
1171150863 93
1171153799 3
1171154449 29
1171157769 13
1171158118 65
1171159500 2
1171159750 1
1171159941 1
1171160231 0
1171161554 1
1171162907 9
1171163147 24
1171163380 231
1171173260 12
1171173583 0
1171196491 71
1171196843 0
1171200016 0
1171204342 7
1171204613 14
1171205146 0
1171205658 0
1171212666 1
1171214463 2
1171216684 0
1171218063 12
1171221287 0
1171221424 556
1171222573 0
1171224769 22
1171225153 2
1171232258 4
1171232391 35
1171234564 3
1171238736 0
1171868189 1
1171869564 15
1171870836 0
1171872483 0
1171873762 1
1171875014 0
1171876102 1
1171878237 0
1171878425 1
1171879670 0
1171880841 2
1171882349 23
1171883182 0
1171883414 0
1171883530 3
1171883648 0
1171884630 20
1171885208 69
1171885538 1799
1171889177 86
