1167637660 60
1167670190 607
1167702531 0
1167714982 1417
1167898699 901
1167971057 174
1167971337 1
1168005730 2584
1168250401 121
1168384569 2703
1168587095 62
1168611059 0
1168614317 60
1168700704 0
1168720222 0
1168892020 60
1168935987 0
1169580934 0
1169591993 61
1169613680 0
1169656052 60
1170005839 61
1170120111 60
1170285098 61
1170297262 61
1170315723 0
1170317285 61
1170317457 61
1170671026 0
1171288842 61
1171321429 0
1171525383 0
1171532724 60
1171734798 60
1171769252 0
1171925061 0
1172357344 0
1172485662 60
1172488475 0
1172561906 0
1173124284 0
1173236327 27
1173236899 0
1173237145 0
1173237713 0
1173298153 0
1173689410 61
1173719416 0
1173720221 0
1173819351 60
1174060204 0
1174060462 0
1174060802 60
1174166286 0
1174167701 44
1174169227 0
1174172922 23
1174173089 0
1174174238 1
1174182100 0
1174206964 241
1174245678 0
1174339717 0
1174363233 61
1174400832 0
1174402701 0
1174415723 0
1174504775 0
1174545596 0
1174563646 0
1174582408 60
1174665958 0
1174667364 0
