329411
195134
771
38256
3253
174
83605
99832
183
109547
45933
202900
70223
75440
7384
19857
2700
152218
159
79102
93974
114
192232
244291
7639
325655
8727
165
5150
331384
108
59349
640225
18782
149341
15
2236
155
80480
23812
242671
16101
230
4146
4938
3861
536
251
284727
136
13306
28559
68744
194571
96097
14483
94679
152
144
134
145947
66371
23180
10
262
4789
70735
134
132
136
1570
130
129
129
93
119710
33586
94865
88753
48446
7448
241086
50
46203
58
47247
98
45218
76985
25986
137
31430
105
93811
48895
164080
681948
10353
327135
