1128641385 0
1128970796 0
1129165930 0
1129166701 0
1129204957 0
1129208210 0
1129208384 0
1129291989 0
1129391821 0
1129392004 0
1129501551 0
1129547484 0
1129750384 0
1129820607 0
1129896047 1
1129903432 0
1129923289 0
1129925989 0
1130078207 0
1130078366 0
1130157468 0
1130251442 1
1130251557 0
1130443789 0
1130688080 0
1130695719 0
1131021374 0
1131030101 0
1131030266 0
1131035416 0
1131366800 0
1131366908 0
1131426257 0
1132066482 0
1132085264 0
1132234605 0
1132234620 0
1132236856 0
1132237011 0
1132317491 1
1132341304 0
1132583975 0
1132600076 0
1132600306 0
1132604452 0
1132609390 0
1132613251 0
1132613787 0
1132614038 0
1132898765 0
1132898901 0
1132912207 1
1132940767 0
1133009511 0
1133204082 1
1133300180 0
1133314663 0
1133409342 0
1133409494 0
1133409638 0
1133409772 0
1133555719 1
1133622091 0
1133645271 0
1133645281 0
1133645543 0
1133650332 0
1133721067 28
1133721229 27
1133721388 28
1133721552 27
1133723149 28
1133723307 25
1133723461 28
1133723618 28
1133723739 0
1133843449 0
1133877035 1
1133971901 0
1134060654 0
1134109100 0
1134116548 1
1134357635 0
1134357685 0
1134403888 0
1134403946 0
1134451193 0
1134451291 0
1134496509 0
1134573494 0
1134599480 1
1134599618 0
1134631048 0
1134631153 0
1134724964 0
1134773859 0
1134937939 1
1135619888 0
1135630241 0
1135957376 1
