19914
301648
969
26662
195029
647
38170
3145
7069
7654
438
65983
284
1987
99787
24162
2388
82786
45021
788
186978
8452
7398
70134
75315
7267
16838
2109
320
428
2677
53297
505
78577
19534
61894
17074
37949
2663
53222
174367
17796
76400
50422
41123
171
73839
7518
325478
8659
5121
768
194
187
2881
1478
4156
245
3181
392
6949
406
3966
17256
35236
15493
19048
345
609
252
64922
152896
40226
482
302
1394
16762
49545
3950
11569
294
350
1058
186184
66635
271974
2451
133
36598
9272
18280
483
762
444
14401
9779
11516
47055
140
2072
533
9210
10052
37967
3326
614
1237
260
1810
1812
4735
6553
20168
240
129
45097
1431
3394
20170
107392
126322
756
7905
159
595
1949
9323
4100
185
4045
4720
3776
451
177
6035
63722
175
5276
5503
10273
1830
503
5334
119
3835
1096
2756
490
1402
61181
6339
1549
8001
41780
12337
44826
13131
28382
28622
39914
35311
6938
7635
2685
3198
68926
15269
49206
738
113
3138
18314
1998
56524
6451
271
12359
4515
9707
2877
38439
2896
4325
34024
12014
32898
9882
4836
314
590
3969
31831
22684
21365
202
16764
1470
17079
40178
830
6726
3393
19709
245
4771
65588
6902
871
1237
399
440
356
351
341
82003
8643
17250
8355
29942
3629
45104
4269
2953
30589
11662
50799
3409
32275
2207
20180
12632
15550
7195
34096
8123
109
440
319
34632
161150
46002
47149
45041
76814
25825
31297
93658
48060
674
66770
54912
893
34760
6531
68581
1752
93702
6878
31354
37465
973
245
238
209
342
560
2541
6345
3354
65268
19750
783
1002
155373
22014
14658
45706
33859
20063
6058
2266
23216
16945
4674
5588
19563
130240
2670
9025
47498
117974
175641
154446
35057
67729
