17
130
4
0
117
115
114
128
241
0
0
0
116
1
58
243
29
59
117
7
124
0
0
55
115
114
117
30
83
27
21
39
140
0
71
240
55
119
0
0
233
0
120
0
165
2029
5
117
119
123
240
14
56
58
61
28
58
0
0
0
0
148
1
0
4
0
0
0
0
0
1
0
233
0
162
0
0
4
0
1
28
0
0
0
0
0
46
0
0
0
154
0
3
4
4
1
1
1
0
0
1
0
0
1
0
9
9
216
82
257
2
0
62
38
67
1
0
139
125
117
0
0
20
27
134
27
0
0
70
128
9
236
97
57
97
0
1
8
7
1
1
0
1
1
0
0
1
1
1
0
0
3
1
1
179
117
173
178
180
1
239
202
188
179
179
178
174
154
77
0
1
53
0
0
0
128
2
53
32
210
0
0
1
15
1
544
0
1
1
13
20
50
125
95
78
22
187
0
40
1
7
77
9
21
18
21
29
0
2
62
0
29
62
76
72
0
1
25
20
0
16
81
1
38
0
176
1
1
0
59
14
1
189
142
42
144
1808
73
1
46
183
215
201
190
203
295
202
161
19
241
2
4
8
2
196
25
24
2
25
1
0
0
0
1
1
1
1
1
1
1
34
1
1
0
5
10
0
10
4
3
90
2
4
86
47
90
18
6
29
1
2
100
4
21
93
0
