1128621350 17
1128641281 130
1128943059 4
1128944032 0
1128970694 117
1129165840 115
1129166602 114
1129204886 128
1129208159 241
1129215469 0
1129223123 0
1129223561 0
1129289544 116
1129289944 1
1129291932 58
1129391777 243
1129416182 29
1129418599 59
1129501444 117
1129546582 7
1129547377 124
1129734479 0
1129742931 0
1129750329 55
1129820518 115
1129895948 114
1129903329 117
1129920284 30
1129922423 83
1129922826 27
1129923281 21
1129925979 39
1129979315 140
1129979960 0
1130058537 71
1130078142 240
1130140276 55
1130157405 119
1130195473 0
1130198136 0
1130251358 233
1130425958 0
1130443754 120
1130520274 0
1130570696 165
1130611984 2029
1130614184 5
1130688028 117
1130695663 119
1131021260 123
1131030042 240
1131035403 14
1131036185 56
1131036435 58
1131036680 61
1131039622 28
1131041128 58
1131045342 0
1131045587 0
1131048768 0
1131049160 0
1131056109 148
1131056663 1
1131060630 0
1131077886 4
1131113126 0
1131128619 0
1131147667 0
1131148012 0
1131148621 0
1131148873 1
1131213796 0
1131366692 233
1131407151 0
1131407633 162
1131408097 0
1131409491 0
1131426253 4
1131475802 0
1131479752 1
1131491322 28
1131491644 0
1131491994 0
1131493052 0
1131679236 0
1131745871 0
1132017845 46
1132020342 0
1132020475 0
1132057073 0
1132066345 154
1132084779 0
1132085262 3
1132086027 4
1132086475 4
1132100880 1
1132110660 1
1132122177 1
1132169233 0
1132169373 0
1132171445 1
1132171979 0
1132181189 0
1132191241 1
1132229209 0
1132232535 9
1132233158 9
1132234404 216
1132234880 82
1132236772 257
1132238841 2
1132243578 0
1132250131 62
1132270361 38
1132270639 67
1132270835 1
1132315933 0
1132317364 139
1132320897 125
1132341192 117
1132448701 0
1132575023 0
1132575779 20
1132583704 27
1132583890 134
1132584619 27
1132586595 0
1132595918 0
1132600018 70
1132600273 128
1132604446 9
1132609175 236
1132613187 97
1132613735 57
1132613969 97
1132620101 0
1132683823 1
1132683999 8
1132689283 7
1132694793 1
1132705067 1
1132706898 0
1132707401 1
1132712736 1
1132712856 0
1132716691 0
1132717787 1
1132720544 1
1132721035 1
1132722438 0
1132783619 0
1132789958 3
1132791510 1
1132799512 1
1132841293 179
1132853809 117
1132898752 173
1132912056 178
1132940616 180
1132969418 1
1133009333 239
1133044883 202
1133052023 188
1133059846 179
1133062710 179
1133066087 178
1133135191 174
1133150634 154
1133199994 77
1133200809 0
1133200922 1
1133204061 53
1133222428 0
1133224426 0
1133280950 0
1133287401 128
1133287800 2
1133300161 53
1133304729 32
1133314468 210
1133317555 0
1133355994 0
1133358890 1
1133363216 15
1133397255 1
1133409270 544
1133442712 0
1133452594 1
1133457431 1
1133457746 13
1133458349 20
1133462338 50
1133494219 125
1133517028 95
1133538488 78
1133538768 22
1133555554 187
1133557211 0
1133574290 40
1133614508 1
1133615339 7
1133622072 77
1133625542 9
1133645260 21
1133645526 18
1133650315 21
1133715924 29
1133722855 0
1133723726 2
1133724965 62
1133725426 0
1133725866 29
1133726251 62
1133726664 76
1133727081 72
1133809156 0
1133817799 1
1133835050 25
1133843430 20
1133873392 0
1133877021 16
1133922141 81
1133926491 1
1133929445 38
1133960072 0
1133971734 176
1134022709 1
1134026119 1
1134058395 0
1134060602 59
1134080841 14
1134093487 1
1134109038 189
1134116422 142
1134150660 42
1134158825 144
1134159078 1808
1134161326 73
1134161718 1
1134196351 46
1134357547 183
1134403732 215
1134451096 201
1134496338 190
1134573342 203
1134599370 295
1134630962 202
1134724822 161
1134773043 19
1134773736 241
1134840747 2
1134895661 4
1134896558 8
1134931326 2
1134937859 196
1135006636 25
1135008413 24
1135102139 2
1135109019 25
1135140398 1
1135177864 0
1135178837 0
1135179082 0
1135179320 1
1135179530 1
1135179873 1
1135180434 1
1135182976 1
1135189322 1
1135192677 1
1135257946 34
1135277730 1
1135278514 1
1135279517 0
1135434890 5
1135456909 10
1135471577 0
1135517283 10
1135551152 4
1135571219 3
1135577280 90
1135579636 2
1135602854 4
1135619803 86
1135624563 47
1135630198 90
1135649851 18
1135780109 6
1135782785 29
1135791839 1
1135839338 2
1135957314 100
1136133055 4
1136287505 21
1136322583 93
1136390405 0
